47174
8740
4926
16605
41187
29150
3851
45464
11231
49809
163
354
11826
48549
49024
48822
47554
43912
51300
20708
27445
22253
41324
9077
44036
26030
26232
46974
48949
48632
45467
49567
11497
18555
23589
49865
50425
18172
27141
42149
42094
50423
20977
44855
41893
26430
24302
13219
43684
23589
47513
42010
22606
42160
23431
12538
31121
46582
47521
4872
24698
41841
48781
44217
49510
48468
27492
50334
47312
24391
47561
44418
43737
44417
44618
24665
41845
41991
43706
29154
5521
1818
3068
23574
39442
42081
45310
49159
42119
23414
48771
46258
41293
14916
52735
21549
48431
46867
44569
31903
28753
10728
43181
11541
49816
13031
422
47359
2731
31842
9153
20798
4548
44369
44843
49596
22695
47375
9193
16296
48380
22546
10728
50455
13611
22452
39667
49847
49578
1811
50074
20985
24286
11354
26117
29311
39968
41892
47257
40006
28942
49306
45467
42956
41329
30689
42004
3045
16919
47494
39968
45240
7854
48710
49849
39983
47557
47690
27503
31844
45330
49478
49045
31830
43781
31122
49948
38494
6131
23553
41893
45664
49307
26295
7532
41878
39957
7927
26383
41275
20632
41853
49374
12957
48468
50261
39981
41204
44948
39665
26844
41303
39723
10156
20223
11469
44303
43647
17610
15485
47912
28751
45784
44040
29469
39640
41327
50349
42140
49405
43685
49823
39666
22559
17522
18671
12267
47693
48840
47530
12724
50344
14054
49486
3244
44600
49409
22832
4874
44599
3810
49171
4740
49822
39656
41245
24366
20204
50116
26933
39398
39957
20134
4544
44580
50348
23560
42153
49669
23515
47484
43737
49948
39486
42974
47655
52026
49934
23589
44617
45537
42096
42150
26505
44885
26946
50329
42955
50118
37109
18384
44276
49038
829
31844
20819
22946
1994
26430
43684
50198
7076
22697
29019
51375
49479
49438
22621
2161
43912
752
39
47535
46948
5521
49367
46935
5758
41604
20818
42140
29247
29323
18178
27486
43744
25590
47373
43206
41306
48431
12583
45664
50261
49022
796
11945
50350
44832
50169
49302
41253
47390
17521
25663
43682
4551
50470
49879
46874
26380
49576
31157
18897
15588
49816
4780
24722
8420
29204
41994
25700
16919
50462
32175
46900
48718
5237
3932
47554
783
3961
6331
15048
50070
47542
48599
25478
11750
24276
22694
41293
39963
2341
45469
48715
15403
27400
42109
48444
1143
44125
5979
46185
50460
18555
29050
2416
50344
15919
29022
41319
24737
34186
560
389
7519
41206
13183
42156
46195
49832
2310
752
45665
23788
5918
31400
49816
459
50127
42010
46975
44428
42156
42012
46182
7076
20348
5925
48551
24417
15046
43685
47658
40008
9862
17563
560
15597
11317
47661
50185
26560
15814
39980
29415
29015
47632
44428
22692
29342
10175
28449
41283
47237
49305
22294
26304
44124
22585
16126
41189
51507
48572
47346
26977
29346
49578
30667
44423
29382
48780
13991
27489
27310
15145
32214
18315
44494
44859
50244
41895
13413
1717
23638
3953
44831
29246
14220
42149
44573
128
50566
4654
27305
26084
19767
106
50411
49867
45745
15900
39931
49306
42152
39935
12508
8281
45314
10392
11613
46262
45315
11168
13037
44296
44307
13454
11539
38492
43737
47995
49486
7076
39973
49208
5117
440
8350
49819
50074
46893
12705
22569
26911
13257
51181
18686
30697
44833
4933
22452
2418
49871
29339
50448
45238
45435
48380
49376
1657
23648
2454
42157
49835
2993
130
35339
41874
2507
49879
10895
26369
26915
49607
39504
30926
41326
44421
11356
47690
51760
47694
24580
48824
5181
48733
39399
420
31842
50184
49297
752
44489
39716
436
39873
1605
39997
44615
29245
48723
13191
39641
29243
50332
49803
4462
40013
42153
46893
29050
49503
13189
15505
48706
41183
46968
49901
48691
30872
49580
42077
49823
43685
10799
34
18812
43158
31842
31374
5647
22395
39973
43776
24433
26415
31825
24691
31157
27435
49457
44418
50129
39740
39629
49355
8352
20708
15884
20819
41892
49684
44215
28425
13332
11611
3953
25478
32174
52475
15249
49879
10897
32922
12267
128
25140
48738
50533
50307
49871
2027
16706
41322
44831
49367
6611
26533
45467
45227
19852
49818
39687
41874
43779
15781
44038
49827
48030
41184
8024
48855
47181
17518
51297
39714
48553
31120
22579
42155
27492
9063
43744
43099
32175
50278
12243
44340
39643
25885
50462
49354
48695
50349
43681
47717
29015
26868
43685
6045
23515
48718
42150
49879
13084
39484
39873
4867
49912
29082
15936
24721
25609
49503
43783
16526
49508
27488
11231
43743
43937
48467
3045
44400
22977
49834
43200
40012
42156
42113
50423
49849
44266
39654
27189
26852
50462
44836
50281
49859
27486
48447
42951
42148
38496
41974
30945
52735
45466
42926
47718
12335
51605
7928
44837
3186
22585
1918
44309
46228
45706
39968
11214
14011
44428
46938
25479
41202
50409
159
21547
45665
27160
50066
42004
41275
5708
10679
2316
45590
49032
11233
49600
3105
50455
48821
48379
39932
48571
50123
51500
24755
41311
50280
30697
50406
39475
597
4985
50362
8353
12981
15051
42001
49665
49882
49431
2710
48436
51320
27430
9844
39738
26029
42238
41206
18554
47390
48771
42122
43998
25660
46287
49228
30872
46677
23394
14867
42932
43781
49455
48796
42929
44404
27488
49306
31842
43931
42129
27716
16222
7772
22808
47559
26867
47618
6525
45761
30179
45306
49500
47655
12653
47375
48467
47689
32175
50149
22591
50359
39739
42139
49818
20879
48370
43733
43766
20884
47375
29015
11307
22569
28048
11214
23056
40013
6685
39972
29040
50062
41275
46871
29050
10984
12487
20828
43782
6409
42018
48822
3597
52664
29015
42156
50408
41214
18162
46891
36144
48823
18232
52700
47494
49580
27171
2558
49046
50227
26560
43738
41805
50281
12673
3962
46986
20379
29404
43198
26844
42160
23593
43928
45471
32187
44840
3893
45468
41319
49501
2640
25509
26846
11419
43690
49879
48379
49206
27492
1012
11469
42128
11420
48823
27081
44382
48572
42934
39983
45236
50119
15635
32913
130
15681
41324
43678
26706
33010
43227
41319
49046
49164
41226
19493
49833
45105
39442
43743
7773
26974
31403
48437
10882
44273
39422
6045
49819
29041
49503
49877
2732
23053
48814
44125
26087
41181
25381
28427
8528
42936
49431
16076
41293
29013
16367
21553
19499
50408
43775
41319
4884
49845
41843
29042
48728
42156
41324
25478
