43564 12720 7726 44378 
48370 35352 26687 628 
41220 25779 41220 4923 
49847 47535 49832 49809 
41188 41188 41185 41185 
26210 13205 13205 23548 
42111 3953 44400 46967 
47237 45465 45467 48379 
546 14144 2710 14144 
49847 49832 49663 49663 
2640 2583 163 4904 
50199 41854 2336 1727 
41226 159 11824 11826 
48746 47553 48549 42160 
4980 4980 46959 49023 
48572 28449 50412 31842 
30945 25478 27488 47554 
46947 46940 10575 46940 
50470 51499 51499 51300 
49355 49355 49430 49430 
26505 43227 42153 42155 
25274 11622 749 749 
42934 40006 41324 41324 
44417 48147 42133 18098 
43252 44036 41845 44036 
26029 26029 26029 26029 
41183 42010 43682 10886 
29018 29017 43199 1475 
48995 48966 48966 48949 
48632 48652 48553 48643 
28926 47237 13374 13257 
49578 28956 49479 49511 
43232 43232 1917 12198 
49262 48209 48208 24665 
11124 11338 41847 23602 
22591 22591 49511 49879 
50411 50271 49214 50330 
49656 48442 42121 29461 
3211 27141 571 571 
43250 43250 11016 30688 
47537 47537 20819 42094 
50548 44782 26844 50424 
30697 49918 49949 12953 
27404 20990 24250 25574 
41993 41993 41890 41892 
44421 44417 20421 43741 
11529 10281 24302 47376 
13257 43931 42125 11338 
41993 41994 41854 41183 
23556 23645 46624 23331 
47547 47237 48713 31842 
444 41183 43684 42004 
50156 49362 49208 49665 
42156 39503 42158 42160 
43626 23165 23174 23165 
12889 45112 12888 45101 
14065 41188 41185 29342 
45727 46310 45694 46583 
48715 31842 47558 48715 
15048 4867 2404 4869 
24701 24701 18385 24701 
49452 49478 49478 48853 
18098 48781 48781 48781 
47521 48715 47513 47548 
49605 49542 5189 49488 
45755 23648 23552 23553 
50398 50398 48757 27268 
50280 50462 50423 50347 
23012 10701 47390 42156 
45458 45458 45458 45458 
41874 41874 28926 50092 
39719 29158 45314 44785 
41264 43737 43737 43737 
44421 5666 5368 44785 
11338 11338 42982 42982 
24665 20410 24665 24665 
45537 45509 41996 44036 
43744 43743 44037 23293 
47390 39460 46967 44272 
29015 49403 49841 20031 
46563 46563 5521 15920 
10457 47632 48684 49826 
43679 23788 29200 49338 
23543 23558 45754 23602 
39935 29386 39936 43159 
6685 5439 22535 41209 
42133 42150 9199 41189 
42157 27220 17522 48706 
44421 44885 43776 41319 
23192 23192 23165 23192 
48771 419 48771 419 
25183 45353 41890 42083 
39654 41849 41849 41293 
22452 22452 12329 12329 
52735 52735 52735 52735 
46855 4870 16633 11065 
48721 1811 51289 24665 
46177 46872 46871 29457 
22782 22753 3845 12863 
24309 27434 24309 24309 
28749 28750 28754 28751 
14053 28494 14053 10728 
43181 43181 43181 5305 
11541 11541 16364 16364 
49816 49582 49816 49818 
44377 12394 44377 44377 
419 420 421 48771 
25478 30697 43779 47362 
16482 42937 45481 11852 
42156 12965 12965 31842 
41252 41848 13413 31381 
20795 20792 20799 20795 
5357 28768 13621 15850 
45233 20259 20259 45592 
6045 49211 41989 3963 
41870 39997 50036 49591 
41989 39640 26233 2082 
49458 49458 47375 47375 
9193 4656 47655 9193 
43722 28999 954 1190 
41990 45233 10844 15681 
27215 27143 41310 22548 
25609 45227 25938 6045 
49821 52664 50455 52664 
24414 49823 49545 28412 
22452 45238 22452 45236 
41850 39652 39652 39667 
49847 49847 49824 49824 
49046 43181 49503 49479 
39934 43793 40000 47549 
50174 50074 50078 50074 
12329 25590 16381 20801 
24290 25564 20211 15588 
40002 40002 41330 4923 
49433 50448 47313 49433 
29311 45765 546 1289 
11534 39973 39973 39968 
19988 41186 12783 41893 
11438 2060 45345 47247 
42076 42009 42080 43738 
28897 49457 28930 28923 
49429 49346 49431 49306 
42150 42150 45466 45468 
49355 41974 11124 29332 
1261 1385 1261 1385 
14718 41849 40011 40011 
43685 43685 43684 41183 
5451 20985 5451 5157 
48684 26917 44141 44140 
41260 44432 44832 47346 
13973 46956 46967 39984 
13299 1919 15618 45352 
29382 49367 29382 20708 
28428 28428 39998 39998 
41805 49849 1687 41805 
45310 39983 46973 4884 
47557 46966 46966 19499 
49341 49343 49341 47690 
48842 51130 51510 30203 
12408 12593 45086 12591 
29416 42927 42951 45330 
49497 49544 49503 49544 
49159 48578 29401 42157 
983 31830 41786 26197 
42150 41314 28763 12965 
49164 48872 49430 49360 
49171 49173 49168 42156 
27591 17895 7013 39367 
17517 43158 43158 7611 
42156 10279 43863 43861 
41893 41890 41893 41890 
45664 46872 11223 46872 
49307 49307 49307 49307 
29167 49267 49229 24300 
44616 45056 44615 44607 
43970 43961 41878 41878 
39957 39664 39665 39652 
9451 29474 9827 884 
41202 41204 41203 41202 
39359 39359 39721 39721 
3726 27254 20632 20766 
2939 42113 41853 42113 
47718 48464 47718 45468 
44023 49458 12957 43847 
41219 41219 7969 7969 
50344 50279 50278 50261 
45103 12570 2299 39981 
41202 41204 41202 41202 
13153 29135 13153 27357 
27187 27187 42130 42984 
26844 26844 42108 42108 
42122 42122 42124 42124 
49582 50063 47494 27308 
5194 5194 5194 5194 
49870 27647 443 10651 
44037 12723 41167 44037 
1298 11983 44301 44329 
41183 41183 43685 43685 
26160 11671 27764 11675 
15544 15541 15541 15542 
2017 43194 43194 23087 
28749 28753 28754 28753 
39716 10932 41208 41310 
44040 42922 44040 44040 
29469 42929 42160 42160 
2407 2407 22994 45510 
41327 41324 43678 41324 
50066 50062 50118 50278 
42140 42140 41334 42140 
49872 49879 49865 49834 
43684 43684 40013 40013 
49819 49819 49814 49814 
39669 39669 39666 39649 
50275 50275 50275 50333 
25478 6770 39360 39703 
18671 5758 41203 26490 
26377 26377 25274 25274 
48438 47659 47659 48438 
7939 10897 20808 39708 
47530 47530 3203 47530 
39738 10643 39738 10624 
49827 50278 50362 50343 
46660 46650 45755 549 
49486 49512 49512 49513 
1553 1554 3243 44191 
4874 4874 4873 4873 
49429 47665 49208 49665 
2027 47545 22987 22831 
4867 4867 4867 4867 
11332 44938 29329 42107 
3810 3811 3810 3808 
49159 49164 49162 48872 
25284 5196 10156 5176 
49808 49808 49808 49808 
41338 25609 45226 39973 
11354 10874 2677 41207 
41213 3006 41213 24366 
24242 20977 25523 44929 
49955 50150 49405 49946 
49682 26933 49684 45453 
5387 43735 41895 42935 
39957 39957 39957 39651 
9862 1126 44272 1126 
42115 4537 7948 27079 
44580 44580 44580 44580 
9063 50348 50348 22451 
44432 44831 44421 46644 
46966 42153 42155 42155 
50280 50446 48572 49811 
49545 27169 23515 23552 
43684 43647 47491 47491 
49432 19477 49432 51360 
49963 49948 49950 49433 
48771 420 422 422 
42973 42969 43780 43775 
49601 49824 49908 41875 
51374 51504 51558 52028 
49842 49843 49947 49934 
43476 8705 43476 41990 
44607 44607 44616 44616 
48875 48875 1822 1821 
43738 42077 42097 42151 
12965 49207 47512 42149 
45320 42057 45236 49408 
48733 48572 48723 19809 
51507 50470 51374 48712 
49821 49821 50460 50446 
14064 41874 41338 41874 
49955 49955 49955 50118 
39724 39359 41275 41275 
29166 49823 18393 18385 
46980 26862 28876 44277 
46959 49024 49159 49045 
829 7828 829 829 
39961 39651 39961 42097 
2691 2748 44278 17525 
45506 22946 22946 23038 
43255 13220 41303 1996 
38493 39446 43159 39725 
42010 40013 41176 41297 
50073 50063 9257 50077 
19805 48643 48553 48632 
22697 22697 22697 22697 
29035 29035 29019 29050 
50435 50280 50462 46946 
49600 22591 49511 28956 
49344 49344 47196 49436 
45234 22621 11403 11403 
13990 46565 46564 46564 
48557 47396 43255 47620 
42113 552 752 9188 
3964 835 28514 46984 
530 39446 47531 47632 
48571 48571 48571 46948 
41329 14065 41225 2731 
798 49367 49601 49568 
46958 46960 43776 42983 
46963 5758 26383 5758 
41540 41540 41681 30407 
20818 42953 20818 11796 
43227 43227 11356 43227 
51760 44023 51760 51760 
26377 41839 26377 43683 
29027 29055 18158 18174 
44270 42156 44271 41314 
43744 43744 828 22710 
22727 22731 27510 16381 
26380 47375 26380 20574 
26117 16080 48739 49829 
43744 43744 43785 43785 
46203 48718 47527 48684 
12579 12579 12580 12580 
25479 30697 49910 25479 
49827 50344 50279 39442 
49024 49032 49030 49023 
48721 25286 763 10299 
48419 46867 11945 11946 
50350 50328 47995 50348 
41260 42157 42950 41260 
50174 29409 50174 50174 
22294 48860 49302 75 
10932 2060 47235 10728 
47555 49948 49948 47554 
31834 7987 11016 13260 
7789 8483 24340 25664 
43682 43682 41843 41843 
19767 19767 20823 26862 
51506 51507 51506 51573 
49835 49879 49879 49879 
45664 46872 45664 29421 
26380 49839 49838 43847 
49487 49501 46936 41319 
18098 9080 18098 31158 
18969 18897 18969 18969 
44837 44836 42952 42926 
49819 49816 49582 49582 
48599 39993 48659 28472 
24721 24721 9951 9951 
4992 8415 8417 8419 
27187 49047 42130 27220 
41993 41992 41992 41992 
47329 15635 22149 25696 
45461 13257 45449 45467 
52280 50439 50224 51798 
42153 44353 42150 30688 
854 854 27670 45218 
47531 47577 42109 47535 
11332 22533 24576 5237 
2334 2339 2333 3862 
48699 49457 49160 49160 
49607 49565 49514 783 
3961 3962 3961 22291 
6331 43776 43684 46933 
15048 15048 15049 44598 
50202 50196 50202 50149 
45467 47237 47548 45467 
48599 48599 48602 48602 
21553 25478 25479 25479 
46896 46202 46867 45664 
24274 29190 24274 24272 
11326 2199 22621 11404 
41849 41849 41293 9889 
41176 40012 40012 41183 
49480 49342 49967 21547 
41875 41875 41875 45459 
43932 41307 43932 47555 
15398 15400 15400 15398 
44956 28918 16296 1190 
47513 47548 47547 43744 
48465 47717 9257 48443 
1178 31413 1145 31413 
14850 26457 26436 47993 
20376 20376 20376 20376 
13619 46184 46876 46185 
49822 49822 49928 28449 
18555 48245 18555 44982 
31822 29475 27643 28412 
3417 3417 527 2418 
50246 8350 22569 50075 
15919 15919 15919 15919 
27220 41316 29050 29040 
44885 39932 43776 44885 
39398 871 30697 43779 
20930 47513 48715 47551 
42923 3145 43928 42123 
4973 8411 23027 15048 
124 39419 1993 38491 
41320 41302 42011 42076 
13183 13180 13188 13183 
49948 52090 49822 47555 
29428 46198 29428 46198 
49832 47527 49888 49845 
26931 26931 26931 26931 
5387 3598 41186 29342 
2122 45665 11214 46203 
30992 32184 44269 45451 
5918 41837 29327 41837 
9503 2976 22954 31399 
49816 49582 49582 49882 
459 43779 12951 3597 
50127 50127 50127 49595 
9994 41183 43684 43647 
39970 39970 39970 46976 
7121 25674 14743 44428 
709 8487 4862 4862 
39981 39981 42011 42012 
46195 46202 46203 15346 
48556 48643 48652 48461 
41174 44578 22832 22987 
41253 26824 26824 5925 
48554 48444 47718 48443 
49436 3186 3187 24416 
44616 44617 45243 10023 
43684 43684 43684 43685 
41870 3890 26080 25893 
41325 30660 41262 41291 
15588 23041 41991 43781 
18535 39994 6686 17548 
24390 11534 11535 42127 
42004 42004 42004 42012 
43685 41183 42004 41322 
47661 47661 47661 47661 
50201 50201 50044 50044 
26560 26560 26560 26560 
29386 39935 29386 20458 
49888 49805 48718 49196 
29415 49037 6411 49037 
43737 52286 39508 5698 
47393 47394 19818 47394 
42119 44885 44885 43776 
11466 45367 45583 46292 
3598 41186 41185 29342 
2425 10182 2425 2446 
13034 50505 50505 51798 
41989 41989 3953 41288 
48554 48706 48706 48578 
49430 49376 48736 49211 
7507 19684 24275 29190 
1027 1026 1026 41212 
44124 44349 44124 44126 
49457 28923 28942 28956 
16057 20213 16126 16057 
45329 42132 42132 42132 
50463 50461 50411 51504 
30688 29228 31842 45308 
7743 45242 42156 46964 
28925 42015 23104 23104 
50055 50117 49563 29382 
49544 28956 28930 49500 
39398 9078 7743 26885 
20029 5179 5175 44423 
29382 50062 29386 49361 
48780 48780 48780 48780 
41220 41220 45451 45451 
47362 29219 42131 22533 
9337 39904 29475 15077 
2277 24838 2277 26581 
39727 41875 35338 25590 
18319 18319 18315 18319 
15474 15463 15466 14450 
14366 44246 26949 29435 
50243 50243 50244 50244 
15588 9467 41895 51736 
47995 44421 44618 10434 
1714 1711 49884 48863 
52694 46777 46762 47582 
35338 41334 35338 22994 
46963 44831 44831 44831 
42115 23087 29279 7599 
6044 6044 44784 364 
31841 32175 30688 31398 
44573 44574 44573 44570 
46893 46856 46893 46858 
50344 48902 41895 50331 
41183 43931 43786 41339 
43250 43250 20265 43682 
39742 26084 16169 39742 
11804 11816 4907 11816 
20349 4188 26318 26318 
2577 2577 50280 50462 
49867 49883 49867 49883 
23530 45745 23465 23465 
45479 15967 48608 16058 
20349 4188 20349 39931 
49429 49355 49429 20458 
42152 42151 43228 42151 
29386 29386 29386 29386 
12508 15597 12508 15597 
7770 17896 17896 8376 
41991 41991 41991 41991 
41841 41841 41841 24934 
10724 45665 45665 26952 
11467 46263 44105 45580 
45053 45315 26806 45054 
16252 45103 12571 12570 
546 13037 546 41232 
39742 47553 41260 8765 
24414 15093 14332 14248 
41246 39716 39716 39716 
44280 46967 39714 44571 
44887 38491 38492 38491 
5251 41304 4469 47223 
47993 47995 47995 47993 
49501 48727 49580 48877 
41849 41293 8595 41293 
9755 20328 9755 39973 
49429 49429 20379 20379 
42013 5427 44270 39977 
440 10660 39662 10660 
22559 8350 50075 50150 
49879 49666 49872 49818 
50150 50333 50204 50078 
31823 16075 41255 47537 
12705 25272 12705 12705 
8352 50333 8355 22559 
50440 50426 48771 50404 
42983 46934 43776 44850 
39935 29386 49355 20458 
45306 46928 27423 46929 
43778 21553 49909 25771 
27489 26380 45312 42980 
41217 2710 41217 2760 
29081 22452 45238 22452 
29476 2429 2420 10636 
49479 28956 49879 49834 
29050 29050 29050 29040 
49595 10718 24669 52122 
39904 39904 22452 22452 
43979 43980 45437 39410 
15681 48380 49440 47334 
49841 50198 29289 49375 
43921 43921 43921 1657 
49433 50243 49208 50261 
2454 2454 15618 11447 
42156 42158 42156 42159 
49834 49859 49879 49326 
49208 49603 10037 9155 
46936 29422 45663 13619 
45317 50047 6045 35328 
41874 28926 19066 22379 
1066 18338 1063 2528 
50076 50344 49349 50118 
35334 16534 10897 10883 
14729 22813 49162 26369 
26915 26915 26915 26915 
49818 49802 49818 49814 
6611 6611 43777 43777 
49948 29386 50055 50185 
41326 8595 41327 41326 
49567 49510 49576 43238 
42148 42153 42154 42153 
47678 48436 47627 47655 
51760 25771 26030 51796 
48711 47675 10281 41290 
23530 23483 23507 12394 
48773 48773 48773 29677 
11191 39966 15541 15542 
48722 48695 48694 48723 
29337 22603 39399 24117 
39523 27491 27492 27491 
12335 44884 43250 30660 
50092 50077 50170 29339 
49297 39407 49297 39407 
743 461 742 4652 
8310 50122 44486 44488 
49562 49562 18419 30948 
39993 29171 23027 23027 
41209 41252 41209 39965 
1605 26887 1605 26887 
49858 47658 27169 49817 
41293 25161 44617 44615 
29246 29245 29279 29245 
48572 48651 48733 48733 
22395 11170 11542 11171 
48572 50340 29388 50424 
26295 43681 43681 43681 
50361 8490 22696 50337 
49818 49810 49818 49818 
5251 690 5251 5251 
42010 41183 43647 41176 
32174 39959 39976 42153 
11224 128 46893 3888 
49545 49547 29041 49830 
49487 49487 49487 49487 
22452 13292 45236 13292 
14448 14439 15505 14253 
48706 49436 49436 48746 
43684 43684 41185 41183 
46967 4884 46975 46978 
44380 49504 12330 49334 
48839 44275 48839 49303 
50398 27492 42552 30889 
49547 49547 49547 39997 
43781 12965 31842 31122 
49802 49802 49803 49810 
43684 43684 43684 43685 
9889 33524 11153 44469 
75 26560 48860 75 
3441 18810 22468 18811 
43229 43157 43157 43738 
42160 42158 42935 43781 
31374 28429 31374 15934 
47639 48438 884 6212 
22395 13297 22395 22395 
41187 26415 9258 44616 
48464 48465 48447 48465 
30697 30697 43778 24433 
42120 7757 26415 26415 
9137 22544 29390 14060 
41850 10912 10840 11333 
39969 39969 13980 39969 
45238 22452 19988 9198 
28930 28956 49578 28467 
44418 44418 44418 44418 
44884 9754 49373 23557 
39740 39740 39740 40000 
2335 39733 39704 39527 
49355 49355 39935 49032 
50333 22569 22559 50075 
29346 29382 20376 7854 
47567 28429 24304 28429 
44278 42953 5815 43785 
43227 44138 4884 1292 
10728 15597 29014 33672 
44215 44215 8516 41869 
12711 12712 39460 1657 
27488 21553 27488 13222 
745 4648 25277 11610 
50175 50221 6581 50226 
30945 25478 8377 27489 
31825 31825 31825 31825 
3869 23574 23576 46921 
43684 43685 42010 43647 
49487 46872 23527 49872 
10897 45588 10897 10892 
13038 33103 30862 33019 
13299 13298 13299 13299 
128 46855 128 46179 
7621 9199 29404 48277 
49497 49501 47660 49502 
45717 50533 50129 50533 
28923 28930 49479 43164 
49879 49877 49872 49865 
47527 2027 16635 16725 
1838 1799 16706 1838 
43647 43685 41183 42010 
2549 18315 44570 44570 
18162 20708 7854 39934 
25609 25609 39498 45506 
21910 47328 26533 26533 
44037 12723 44037 25154 
14694 45227 47235 45226 
16534 19852 16534 19852 
49802 49666 49802 49802 
43162 43162 7661 29413 
3103 41874 25609 4681 
21553 572 27488 3622 
29022 29057 39904 42121 
44038 44038 12965 12965 
50278 50279 49880 49880 
48030 48035 48033 48030 
43659 43660 45590 11450 
48758 48877 9155 49488 
42985 42985 22298 48847 
43660 43660 41992 41992 
50063 50092 40006 17519 
51298 51264 51296 51262 
45450 45482 2894 46932 
49578 49457 49511 49512 
49835 31120 49665 49875 
49582 49582 28919 49543 
41205 5758 41205 42148 
50460 50410 50408 50409 
50204 50074 50079 50079 
42936 42934 12965 43777 
44418 44417 44421 43098 
25594 25594 16053 42149 
49880 50344 49827 50279 
12248 12232 12248 12239 
2933 2933 44340 42112 
39643 20930 39643 48853 
25884 15919 27529 15919 
50280 48572 49842 49843 
49354 49208 49208 49208 
48695 48695 48859 48691 
50278 49880 49827 50261 
39996 49967 47563 49939 
47717 39724 47684 49452 
50386 29015 29014 50386 
29073 48143 26868 47669 
43685 41183 43684 42010 
25891 25891 25891 27529 
13973 46967 44400 44273 
39964 46559 39874 36078 
42079 42079 41206 41206 
28930 49479 49879 49877 
15323 11412 141 142 
24755 27447 3534 11016 
41245 41287 39873 27559 
46867 45665 46867 15051 
49838 49838 43782 41318 
47697 47548 29082 29082 
45047 15964 28429 41253 
24721 49830 49830 24722 
35335 35335 25609 25609 
49478 49308 49501 49487 
43783 43783 43783 43783 
48599 48599 48598 48599 
49508 49507 49508 49507 
28916 10974 30945 30945 
13969 39666 39665 52735 
42157 44038 43743 44038 
14872 43926 14872 43926 
25479 48707 49374 49190 
41336 41988 41851 41854 
43679 43679 43679 43679 
49810 28930 49819 30198 
49865 49879 49872 49877 
45216 29045 44898 29339 
43684 43685 41183 42004 
42076 43738 42076 11356 
42113 42113 42113 42113 
50463 50437 50439 52280 
48997 41805 49849 41805 
44266 44266 49458 49458 
31045 44648 39654 48617 
41284 27189 25944 26376 
42151 17892 17671 38490 
9065 47993 50280 50462 
44885 46958 46958 42929 
39720 50119 8353 22559 
45497 49830 49835 49873 
26383 44216 6045 27486 
29037 29037 29037 29037 
44834 44834 39370 41213 
45640 22341 22300 22742 
44064 44064 44064 44064 
45461 45461 45461 45461 
39367 49435 49918 21553 
52735 45691 44027 44027 
48378 45461 42149 31842 
42129 41313 44884 42926 
48733 47512 48733 48443 
12335 42134 12335 44840 
51730 51659 51659 52019 
49364 49364 49359 49364 
15588 24284 20990 24246 
43779 572 572 3612 
28956 28930 49602 49606 
1912 1918 11450 11450 
14257 14257 50047 44323 
46273 46273 11403 2199 
50191 50190 50129 46618 
39967 39967 39968 39968 
45665 46864 46867 11214 
20828 41214 41216 41216 
48081 16952 1834 11076 
7609 46938 46938 46938 
27489 42131 27489 30697 
41202 41202 41204 22197 
50411 50407 50407 50409 
9257 9258 9862 41226 
39714 49440 45460 48710 
15346 15346 45665 11214 
48464 43776 48444 48721 
50077 50063 50073 50066 
43685 43685 43685 43684 
45024 45024 45022 45022 
47551 47551 5708 29305 
47335 20756 3858 10685 
10640 448 448 10652 
42156 41246 25674 45590 
50062 49488 40012 31381 
45215 45215 43985 43985 
49511 49512 49602 28930 
29824 3104 29824 9968 
47555 49948 42158 49949 
43682 43682 43682 26928 
45467 45314 45314 47237 
39361 39360 39363 20303 
48571 48571 43684 46935 
50092 49955 49376 50202 
5427 48819 24649 5427 
6770 29196 43931 39504 
13114 13114 41311 41311 
50411 50411 50462 50462 
45497 49830 15552 45497 
50406 49812 49813 49669 
24637 24793 26058 18443 
4784 32198 32194 13841 
28895 20324 29087 4985 
50411 50446 50278 50344 
50279 22569 22559 50075 
12881 12881 8690 12881 
46870 4870 44602 4870 
42001 42001 42001 42001 
43164 49479 49511 49872 
49818 49818 49819 49882 
49430 49430 8027 8027 
26304 44402 46360 44402 
31822 36532 48436 48436 
3064 44362 51320 51326 
48417 47352 47521 48713 
3941 3942 3941 22745 
12724 12724 12724 39738 
12951 12951 24577 3597 
48734 48734 16382 49829 
26377 39569 43162 9146 
18554 24706 18555 22961 
31380 44831 41833 890 
419 9980 420 48771 
43793 42120 44417 44398 
44134 44016 44097 44002 
25660 25661 25660 25658 
39961 10882 31844 46287 
7933 49334 24307 24307 
426 50404 27491 50398 
47421 46676 47204 45386 
49206 4991 49206 50197 
42084 19765 14921 13084 
1457 15367 4460 27189 
44040 42150 42156 31824 
39376 49545 39997 49565 
23518 23518 23518 23518 
44832 41253 46928 42156 
7854 47651 29392 39510 
42131 30945 42131 42131 
49429 49429 49343 49451 
42935 42934 41314 39383 
39503 31842 42150 44217 
44428 44428 42129 44428 
35552 35553 35217 26140 
1190 16222 1190 29296 
45249 45330 45249 20288 
52664 50407 49811 22802 
15989 40006 41315 41315 
47657 26867 26867 47657 
31819 42002 31819 47334 
48611 51504 26946 48842 
23448 43932 13257 44884 
27489 30179 30179 30179 
45306 41287 45306 41287 
28923 49513 28956 49512 
49568 47511 49668 47535 
49639 13583 19947 20501 
49458 47375 47375 47375 
49190 49189 49191 43793 
28763 47580 20931 26986 
25154 26285 31842 39485 
50149 50149 50149 50070 
49872 49835 50396 50396 
29029 29339 31838 29047 
41976 39956 41976 41287 
42139 42139 42139 42139 
49818 49818 49818 49818 
49847 49826 26852 49832 
27445 26534 27445 44840 
25869 43733 49917 25869 
42934 42934 28763 28763 
6787 47576 20884 49848 
10806 459 25479 49458 
5698 29050 29015 29041 
11307 11307 44972 19574 
8355 8352 8355 50333 
28096 20609 27843 27926 
15345 29457 46866 2122 
21590 13785 13797 8857 
41176 41176 41176 40013 
10780 6685 6685 6685 
1475 29017 29017 29018 
50563 50563 29018 29018 
49941 49941 50066 50066 
41275 41262 41262 41275 
22579 19490 46871 46872 
5439 25165 5698 39398 
32215 39640 39636 43159 
22389 11168 42012 12480 
11852 2749 20828 11855 
43782 47373 47372 43782 
29415 49037 29415 49037 
42018 42017 42018 44895 
49159 22539 49083 49458 
13222 27488 3597 459 
12965 50403 50462 48572 
29015 29014 29051 29050 
44831 44831 44831 47390 
48771 50404 50426 48771 
2713 2737 14011 11858 
29192 47237 26818 39934 
14337 22298 16761 22546 
36144 36144 6459 6459 
49159 48823 49026 49159 
39669 25753 25755 18285 
50271 50326 51507 51506 
11338 13219 41848 18684 
28930 28923 28930 41326 
27171 41175 5704 41175 
24838 2540 7799 18340 
49046 49029 6410 6410 
28895 50227 28895 50227 
26560 22294 26560 49302 
937 30862 13260 7611 
41805 41805 41805 41805 
22569 50078 50281 50505 
44599 4873 45665 46874 
31383 3953 31383 22760 
41222 45451 24639 13630 
49031 49355 49359 20708 
7811 7811 44390 11542 
5698 29040 29038 43198 
42138 42138 39655 39655 
42160 22539 49920 49434 
51736 50131 28931 23593 
44793 9146 44217 44404 
4564 7782 41205 44428 
3321 13781 13819 13792 
44404 41189 42956 44418 
3145 5647 20360 3043 
45461 42150 48379 45468 
19810 48847 19802 41183 
25363 49497 49544 49603 
8999 8999 11826 11817 
45498 1285 25508 25509 
41252 41976 39956 41191 
41293 41849 11436 2068 
26886 40010 26886 13115 
28930 49578 47655 47539 
47339 47346 46964 44217 
49205 6765 4988 49205 
50460 50436 48757 27492 
1012 47361 47360 44266 
43743 44038 44038 43743 
44421 41319 44417 44417 
41207 2070 15594 45399 
49175 48863 10281 49171 
44581 44595 26857 29085 
44382 44382 35552 22994 
49822 50505 50463 50446 
42936 39503 41314 43777 
41336 39968 39968 39983 
22452 22452 45236 45236 
48848 48814 7854 49827 
15635 47329 15635 47329 
9808 9808 47236 47236 
44841 24728 13619 46184 
49274 48710 12724 39738 
28438 41275 41327 29347 
41327 41326 41324 41298 
41988 20825 28714 45201 
33018 32367 33112 36531 
43227 43227 43227 43227 
46958 46959 46957 46960 
13965 13965 13972 13965 
48793 48798 48864 49159 
46360 46360 46360 41226 
42932 22759 42930 42930 
49833 49832 49847 49832 
12499 12501 11532 12590 
50261 50261 50363 50343 
43744 41167 43743 44038 
49367 18162 7854 39934 
48771 48754 27492 422 
10705 26202 31403 26226 
47657 26867 26868 8252 
10882 2471 10882 39957 
5441 44273 44273 5441 
26377 26377 35337 27533 
12724 21558 39738 9296 
44280 49925 45317 49819 
23515 11534 29040 29041 
50316 49477 48727 48727 
49834 49871 49879 49855 
28763 32175 44270 2713 
16301 28931 43655 29003 
48690 48695 48694 48814 
44142 44790 44221 44791 
742 26090 26090 10505 
41310 41310 41310 41181 
43684 12723 30198 10750 
42973 43928 43928 43928 
3869 3870 42005 49907 
43744 42934 42936 42150 
8025 49306 49354 31122 
48442 15902 16075 16074 
41849 41849 41293 41293 
8740 16035 39862 39862 
8451 27277 47404 11958 
21553 27488 21553 25771 
9446 30953 30953 46966 
49812 49811 49813 49669 
44394 19832 48713 44884 
42120 41319 43776 44885 
46968 46968 46968 46968 
48684 48684 48684 48684 
41183 43683 25594 10886 
29042 29033 43198 29033 
48728 48727 48727 48728 
15557 42156 41310 42156 
22579 41849 43678 41298 
25478 27488 25478 30945 
